----***----
[[62179898, 664089114, 23779111, 3113645, 320615, 42778, 1318706, 61001784, 934800144, 183566], [1329076, 14624640, 518123175, 1863822, 111440482, 44127426, 174135860, 56909, 938193328, 259939789], [456064, 59165259, 1981509, 1001579, 33971535, 259186426, 198033, 78457, 3938800, 14920980], [308410, 168813, 7964265, 62131321, 83983459, 644685488, 4957528, 119128, 83871, 189052691], [3131637990, 111970, 1303568, 62261, 508567555, 299960319, 651898249, 24651183, 5311416, 296288328], [
        129351798, 2685555, 1885510, 2196315, 14466038, 718558, 328895, 6938778, 203918925, 1599115], [37050170, 118795, 1071899349, 424404, 1911391, 293034, 3743057, 1281946, 532647864, 905687516], [51539, 35153802, 436898, 2733333, 48953538, 1639917, 59739, 1718823605, 1501421033, 420264], [152067, 91079, 11312, 15858843, 4055314, 181928304, 6517, 111337, 66472067, 9297705], [12267507, 29604, 3502657419, 135106, 1013361937, 92044, 52034132, 164838, 36796491, 104540901]]

tau = 10
sample_number = 10
mean: 20.966
stdev: 15.146
size: 896kb

tau = 33
sample_number = 10
mean: 21.056
stdev: 16.064
size: 2400kb

----***----
[[2885310715, 851662124, 3807895, 8847271, 50097799, 326308, 1837074, 163897, 3398329, 410704087], [3729191, 11703, 25611, 267008826, 28699924, 157216003, 60246, 808064230, 503172, 8665], [542458956, 6378, 44586, 566969538, 36715616, 6546732, 153792, 66941084, 21585, 673687], [35827, 19197, 3219476148, 1743675555, 4066294, 3027444, 1029358, 935819241, 539867, 144150], [224265118, 25691214, 62329, 1961471, 38759, 593638965, 13944007, 104315863, 49455, 2080246920], [166319, 20786, 30661, 11663199, 7619495, 5405311, 112445809, 718005612, 919194378, 259299], [133287799, 952853549, 3671252, 2251936467, 3442619, 915932, 288661, 13140883, 665393720, 35441], [55085, 26959510, 649980, 4483, 13418124, 1512528, 50922497, 2758474, 402771504, 3440879], [357595, 1314371, 29147046, 48236, 129273681, 24049333, 148083, 209257269, 175618, 27708136], [64226671, 2802700824, 244796, 139357, 819111, 470964, 1046235843, 315387931, 6260905, 487273464], [1526343, 14611628, 1814347852, 61473448, 4368824, 768171438, 3371174, 710965, 3712405, 487485], [2804184689, 114063, 2485, 7711, 578214704, 6391808, 111034029, 6417246, 516244, 200412], [11812, 14085447, 4166570324, 721050960, 6292223, 15965048, 2076729171, 113679, 57792039, 1653601], [119891, 108686, 1237774, 9491293, 28301045, 1901979078, 173038746, 9307727, 18731, 120961], [15680383, 2900308, 1020566667, 11999666, 5806038, 13560888, 52744, 1443138, 378153786, 19828603], [337016, 47886, 338470970, 44742, 618597196, 164494989, 151015, 1114679, 24853839, 422972], [1685726910, 1768469, 228877571, 2132344771, 11885988, 26580, 1671893, 59351639, 15516, 52352830], [1754054, 37535906, 11065468, 99672, 37148, 14135920, 40221, 627574996, 228634305, 680547], [3257796, 185898418, 192304, 17584, 135294, 6118298, 48190684, 895297, 7109, 12725360], [1084398790, 139609363, 2089527, 3151729, 1092430, 389657274, 128331359, 1060289997, 205045770, 106486], [877154, 150393, 367369944, 121060, 4133317262, 3939466, 7330413, 90637830, 7169065, 66568217], [5962678, 20203, 701365143, 10464668, 2463608, 3777939, 115502164, 1724428, 12029, 51013627], [20802264, 57974, 1009324751, 3112735, 170607216, 78925, 25108, 938715, 350622600, 43199815], [704371, 100203562, 108208, 1874265506, 10994364, 192980, 1710949, 29353078, 28257584, 123351256], [121677, 28511225, 41651, 2055, 7051242, 1602900, 16127311, 802558, 2789771, 296376], [19041002, 4712407, 15214114, 29393210, 32975, 60363, 150503353, 2235808419, 1384842, 6388972], [120658510, 43637408, 967204172, 516584, 138512683, 29128222, 7572353, 62067196, 9333452, 515041], [308229617, 3927728, 498401, 168185, 46424, 94668, 366798969, 38447, 677436, 187693], [93832, 25060995, 1203091961, 52938, 1277854966, 189623, 146659, 1966, 11380, 9498800], [182202671, 43772928, 47371, 4983892, 126345, 4819735, 6718, 60033, 351218, 6670648], [130518, 1536979, 47599368, 966660864, 1010340, 134304, 823256, 20010, 375338704, 6106297], [5593585, 1575943769, 6946352, 115477997, 107252, 221856, 2551708, 1866190884, 35672, 28734928], [5226641, 18760546, 6652201, 36084345, 630121, 27313316, 325373963, 164673222, 201705081, 1792293], [161311, 518535, 56123574, 231058, 103158608, 2609007, 154238, 4752767, 887702, 9150850], [27881, 12853, 6618240, 322277, 1068131220, 156908079, 94637750, 5764319, 1703394, 23790], [400272628, 8216982, 28711, 394508, 3485381, 59979231, 4453177, 26845, 249139643, 702071241], [63358458, 1983210, 167672525, 73268684, 4099686, 585164, 806381, 2426731674, 746327, 304087], [162552296, 149742, 260513658, 134218436, 3598871841, 5760907, 6791823, 7335524, 3908904, 96517], [61047680, 39392975, 1281507, 60625, 92704109, 828693, 12420, 14570, 7490872, 33922804], [996298, 304624, 1678455, 27613, 62785408, 23003, 27662889, 955761485, 12814575, 133886773], [86158437, 2114108200, 81562532, 8464, 67226, 97530167, 1201775, 1848765736, 304051, 125033658], [4327, 2001483567, 20341267, 35129152, 155520974, 283619985, 2825511, 2266074665, 489045107, 204250858], [11132717, 136670467, 28311, 38911, 489630804, 250235, 239609452, 435365, 36507, 29807634], [62490, 2088921, 41775448, 2201632, 1161502, 173998398, 78640215, 90837, 139400753, 148482358], [406586101, 886170612, 137516593, 50650072, 12540165, 542111375, 48927679, 633399, 52176, 30864181], [876927660, 6162665, 33424577, 753779259, 7818293, 1619115490, 583716, 206811730, 9130162, 3151092], [17791, 423409419, 7311259, 70626119, 1859369, 28538, 3768988, 104049630, 13945484, 7456443], [731461721, 4469406, 136039839, 25940394, 13673576, 99406028, 38151, 1112797, 603045450, 11296710], [58256567, 1726608, 530791, 5462316, 2467430, 412006678, 359791, 559468, 29258417, 2378932], [150827, 22421, 93994071, 959380, 1344023603, 19664, 173078, 47760183, 14999577, 824054490], [1845950, 841702, 195425596, 1684653, 441421607, 316246561, 1044304, 254630, 44067271, 2705490067], [477769, 119644, 227540845, 314724900, 62446686, 119578917, 64931, 1548671305, 280511167, 212938], [120411, 26957, 633091, 120739541, 150963, 75710, 6997284, 448109, 24871198, 359106555], [25681904, 337499, 180558, 54897, 1430404050, 20732092, 36833307, 10559866, 2332349, 465925], [152298, 985952650, 24231019, 175100809, 885420, 4713899, 30188032, 983277, 1222291211, 13737148], [684272512, 10865548, 3817, 100025, 616581960, 779192823, 1991714135, 144413, 1804252029, 5666822], [52416, 1200430373, 64614, 180547, 493982689, 48249, 98079219, 64969292, 65781155, 19649836], [752814, 9762058, 229347136, 8760009, 94783963, 178230, 137454, 396731692, 204778737, 606022], [715580, 1477357790, 730609, 140419, 57474614, 228543180, 252044966, 37087, 30764439, 28502], [45228, 123001032, 1527337, 10825693, 119660, 86386, 23160850, 6009139, 120208, 125798764], [210412, 22741168, 187140, 3998, 17098922, 136138888, 857459, 730210901, 494427, 46275], [22291003, 68096314, 16454467, 3824685, 22624717, 140467, 278905, 14979829, 51976091, 1552097858], [2274165454, 380191393, 44612, 9913, 2160491, 5351329, 10100989, 3834326, 1863851, 338653], [2841587, 14390, 125051719, 2208963030, 542200976, 105272, 211258066, 380327, 20877556, 1313798244], [61367777, 3996782, 293723, 17294869, 56225, 580160, 285849, 42509, 79956, 22484], [2416489, 1263699936, 88298, 88866196, 4862950, 496384, 201985, 11905, 9428, 265234], [66737167, 34500, 491226278, 4155225, 245262, 33498, 607428, 6374, 2099225, 85180], [53247, 65876, 2072266, 18229121, 122280958, 95381, 66049809, 1624912107, 213030230, 2165470], [43187, 155741, 15502191, 4416926, 118500, 317682274, 2674670219, 3116085, 444894187, 3558930896], [66474, 106580595, 4082065, 25424, 9703, 285575961, 10784572, 499589, 1643313, 2343763], [91690403, 47678262, 1145346, 2429366120, 230302, 298248, 3770047, 348343451, 63754512, 54710935], [11254, 12892000, 205716, 66426914, 913132909, 1606043240, 10173, 18859482, 22837053, 22927521], [1790, 34148, 51814984, 10719436, 491844, 2519508629, 148844940, 3422693, 92431, 10906885], [47572935, 2052912, 426661186, 1712309, 44512074, 315717580, 184686, 14690, 33907469, 4051832], [261596197, 2701384647, 594378559, 2084538, 21905672, 734337730, 30820, 4347383, 1023885013, 684253], [37128, 14879670, 27960, 42700022, 138955181, 1051926, 45309, 102641234, 14439244, 38842208], [28753367, 1099, 666553, 128518, 2079177439, 766473, 84296, 2552041, 25528380, 2484751207], [1270659401, 34954, 1580870095, 13961612, 14841, 872908, 391492, 226378, 19310492, 1857038152], [1131881, 107653392, 4139882926, 533928658, 22947, 115183411, 11018, 1792345, 130550, 17695375], [629621, 3356057, 16515432, 30233, 3704127954, 92861520, 110036, 3938268, 1147749652, 3010229], [3251373, 4192112742, 6220238, 123345129, 116601, 99177355, 1001258, 2359724, 196907, 4155649], [8110422, 52148, 98787, 719749758, 2604994, 142657, 918431832, 382211, 196334978, 66772], [211986435, 79897, 93431838, 1162824, 796894924, 65129105, 10296, 873796, 1875846, 257434962], [815646, 2143987818, 111383770, 60927, 234653, 14490533, 130924722, 11587130, 154769, 9863734], [16850, 1300772418, 132754664, 230758, 66501, 20800, 7703742, 33561501, 1980381, 82024], [704151892, 258131, 7084204, 26304551, 1608549, 51157680, 474597, 213838889, 132653427, 153342], [40956, 1312355, 363634988, 592349, 8153130, 1570072, 34933, 320961, 2239735, 239815700], [52081247, 140488, 133980968, 212787953, 2476618, 95605, 2034365, 52651566, 2268118072, 5707222], [359467, 34033, 58964782, 16946, 1004284, 420588, 347292635, 1614267, 6845994, 42411], [129031748, 62992, 114429, 509565398, 3001992, 18902, 2446053, 891410, 7779900, 222971], [125998, 31139, 90310, 922081, 91848, 12515, 638246065, 221959, 15431242, 1045312], [117897, 415956, 39581069, 363316189, 37827, 7405, 89353226, 11870285, 261394, 140393], [175320, 3465015514, 14933793, 1941334, 123244, 478410810, 4961742, 877112, 105991, 1846111], [1508888, 507231630, 52618, 522742, 15383724, 21886977, 3614335, 1737618, 6763056, 353987], [893512407, 818387, 32594628, 419292, 637537705, 459742, 3838414, 813142013, 3373557404, 703038], [9025826, 58485075, 4160511, 226628561, 67212, 199390, 1182000, 2593969, 22868925, 104120735], [639085, 12321981, 62186142, 137149632, 2089002, 1290794, 368848128, 29717472, 145473, 2589836], [23901027, 2088962150, 556449, 1602900447, 409069014, 968266752, 13842360, 140761, 18937362, 1391130], [82293, 348304, 206830, 647259, 115092, 10181518, 81223464, 1349195, 52434001, 37717842], [11048575, 826349, 829054347, 231559, 4780, 1554903, 2351437, 24382360, 338344, 52741]]

tau = 10
sample_number = 100
mean: 24.627
stdev: 20.919
size: 896kb

tau = 33
sample_number = 100
mean: 23.889
stdev: 20.062
size: 2400kb

----***----